1.049661e+00
2.301898e+00
2.644560e+00
2.727937e+00
3.573084e+00
4.291012e+00
4.691795e+00
5.571473e+00
6.581645e+00
6.590896e+00
7.086766e+00
7.430417e+00
7.533138e+00
7.821580e+00
7.852038e+00
8.754308e+00
9.180015e+00
9.423906e+00
9.671092e+00
1.009838e+01
1.025056e+01
1.109573e+01
1.588399e+01
1.661969e+01
1.788097e+01
1.899776e+01
2.052847e+01
2.112841e+01
2.126168e+01
2.174770e+01
2.220803e+01
2.255915e+01
2.305028e+01
2.348729e+01
2.695714e+01
2.752239e+01
2.765714e+01
2.970517e+01
3.181702e+01
3.203453e+01
3.297714e+01
3.338271e+01
3.514891e+01
3.570293e+01
3.953168e+01
4.063518e+01
4.150169e+01
4.549855e+01
4.564096e+01
4.610439e+01
4.762592e+01
4.778469e+01
4.850808e+01
4.936147e+01
5.163718e+01
5.214927e+01
5.285805e+01
5.376970e+01
5.798977e+01
5.985676e+01
6.161418e+01
6.232501e+01
6.375820e+01
6.381899e+01
6.420030e+01
6.610946e+01
6.766435e+01
6.790355e+01
6.853325e+01
6.869019e+01
6.894657e+01
6.927381e+01
7.215170e+01
7.295020e+01
7.381391e+01
7.403058e+01
7.446388e+01
7.693941e+01
7.874500e+01
7.894363e+01
8.015451e+01
8.031772e+01
8.240078e+01
8.418853e+01
8.445945e+01
8.599305e+01
8.605925e+01
8.616353e+01
8.718193e+01
8.845337e+01
8.846412e+01
9.134292e+01
9.250812e+01
9.305222e+01
9.361949e+01
9.388832e+01
9.469731e+01
9.479264e+01
9.516254e+01
9.856173e+01
