1 0 5 3 7
7 8 7 8 7
3 7 0 1 9
6 0 5 2 6
8 7 0 1 9
4 6 4 6 1
8 7 8 7 0
1 9 7 5 3
3 8 1 8 7
6 1 8 7 5
5 0 1 8 2
7 5 3 8 1
5 3 8 7 0
3 8 1 9 7
8 1 9 7 8
6 1 0 2 1
7 5 3 8 2
7 8 2 6 4
1 8 7 5 2
0 5 3 7 0
6 0 5 0 1
2 6 1 0 5
1 0 5 3 7
7 5 0 1 9
9 0 2 1 0
9 7 0 5 3
1 8 2 6 4
0 5 3 7 8
4 1 0 5 2
1 0 1 8 7
9 0 5 2 1
0 5 0 2 6
6 1 0 2 1
9 7 5 0 5
0 2 1 8 7
5 0 2 1 0
9 7 5 3 7
0 5 3 7 0
4 1 9 7 5
4 6 0 5 2
5 2 6 0 2
2 6 0 2 6
0 5 2 6 0
0 5 3 7 5
3 8 2 6 1
9 0 2 6 1
2 6 1 9 0
9 7 5 3 7
1 8 7 5 2
4 6 1 8 2
8 1 0 1 9
3 8 1 9 7
0 1 8 1 8
9 0 1 9 0
9 0 1 8 2
2 6 4 6 4
2 1 9 0 5
6 1 9 7 0
3 7 5 3 7
4 6 1 8 7
8 7 0 1 0
2 6 1 0 5
9 0 5 2 1
3 7 8 1 8
7 5 3 7 8
8 7 5 2 1
7 8 2 1 8
6 1 8 2 6
4 1 9 0 1
8 7 0 5 2
6 1 0 2 1
3 8 7 5 2
4 1 0 1 8
4 6 1 0 2
9 7 5 3 8
8 1 8 2 1
7 0 2 6 1
5 3 8 1 0
1 0 5 0 2
1 8 7 0 5
2 6 1 0 2
0 2 1 9 0
9 0 2 6 1
9 7 0 1 9
8 2 1 8 1
5 0 1 0 2
5 3 7 8 7
1 9 7 0 5
4 6 4 6 0
7 8 1 9 0
4 6 4 1 9
0 5 3 8 2
1 0 5 0 2
8 2 1 0 5
3 8 2 1 9
8 7 5 3 8
4 1 0 1 0
1 9 7 0 5
7 0 1 9 7
1 8 7 5 2
