-32 -32 -32 -32 -32 -32 -32 -32 -32 -32 -32 -32 -32 -32 -32 -32 -32 -32 -32 -32 -32 -32 -32 -32 -32 -32 -32 -32 -32 -32 -32 -32 -32 -32 -32 -32 -32 -32 -32 -32 -32 -32 -32 -32 -32 -32 -32 -32 -31 -31 -31 -30 -30 -30 -29 -29 -29 -29 -28 -28 -28 -28 -27 -27 -27 -27 -27 -27 -26 -26 -26 -26 -26 -26 -25 -25 -25 -25 -25 -25 -25 -25 -25 -25 -25 -25 -24 -24 -24 -24 -24 -24 -24 -24 -24 -24 -24 -24 -24 -24
-32 -32 -32 -32 -32 -32 -32 -32 -32 -32 -32 -32 -32 -32 -32 -32 -32 -32 -32 -32 -32 -32 -32 -32 -32 -32 -32 -32 -32 -32 -32 -32 -32 -32 -32 -32 -35 -34 -34 -34 -33 -33 -33 -32 -32 -32 -31 -31 -31 -30 -30 -30 -30 -30 -29 -29 -29 -28 -28 -28 -28 -27 -27 -27 -27 -27 -27 -26 -26 -26 -26 -26 -26 -25 -25 -25 -25 -25 -25 -25 -25 -25 -25 -24 -24 -24 -24 -24 -24 -24 -24 -24 -24 -24 -24 -24 -24 -24 -24 -24
-32 -32 -32 -32 -32 -32 -32 -32 -32 -32 -32 -32 -32 -32 -32 -32 -32 -32 -32 -32 -32 -32 -32 -33 -33 -33 -33 -33 -33 -33 -33 -33 -33 -33 -33 -35 -35 -34 -34 -34 -33 -33 -33 -32 -32 -32 -31 -31 -31 -30 -30 -30 -29 -29 -29 -29 -29 -28 -28 -28 -27 -27 -27 -27 -27 -26 -26 -26 -26 -26 -26 -25 -25 -25 -25 -25 -25 -25 -25 -25 -24 -24 -24 -24 -24 -24 -24 -24 -24 -24 -24 -24 -24 -24 -24 -24 -24 -24 -24 -24
-32 -32 -32 -32 -32 -32 -32 -32 -32 -32 -33 -33 -33 -33 -33 -33 -33 -33 -33 -33 -33 -33 -33 -34 -34 -34 -34 -34 -34 -34 -34 -34 -34 -34 -35 -35 -34 -34 -34 -33 -33 -33 -32 -32 -32 -31 -31 -31 -30 -30 -30 -30 -29 -29 -29 -28 -28 -28 -28 -28 -27 -27 -27 -27 -26 -26 -26 -26 -26 -26 -25 -25 -25 -25 -25 -25 -25 -24 -24 -24 -24 -24 -24 -24 -24 -24 -24 -24 -24 -24 -24 -24 -24 -24 -24 -24 -24 -24 -24 -24
-33 -33 -33 -33 -33 -33 -33 -33 -33 -33 -33 -33 -33 -33 -33 -33 -33 -33 -33 -33 -33 -34 -34 -35 -35 -35 -35 -35 -35 -35 -35 -35 -36 -35 -35 -35 -34 -34 -34 -33 -33 -33 -32 -32 -32 -31 -31 -31 -30 -30 -30 -29 -29 -29 -29 -28 -28 -28 -27 -27 -27 -27 -27 -26 -26 -26 -26 -26 -25 -25 -25 -25 -25 -25 -24 -24 -24 -24 -24 -24 -24 -24 -24 -24 -24 -24 -23 -23 -23 -23 -23 -23 -23 -23 -23 -23 -23 -23 -23 -23
-33 -33 -33 -33 -33 -33 -33 -33 -33 -33 -34 -34 -34 -34 -34 -34 -34 -34 -34 -34 -34 -35 -35 -36 -36 -36 -36 -36 -36 -36 -36 -36 -36 -35 -35 -35 -34 -34 -34 -33 -33 -33 -32 -32 -32 -31 -31 -31 -30 -30 -30 -29 -29 -29 -28 -28 -28 -28 -27 -27 -27 -26 -26 -26 -26 -26 -26 -25 -25 -25 -25 -25 -25 -24 -24 -24 -24 -24 -24 -24 -24 -24 -24 -23 -23 -23 -23 -23 -23 -23 -23 -23 -23 -23 -23 -23 -23 -23 -23 -23
-33 -33 -33 -33 -33 -33 -33 -33 -34 -34 -34 -34 -34 -34 -34 -34 -34 -34 -34 -35 -35 -36 -36 -37 -37 -37 -37 -37 -37 -37 -36 -36 -36 -35 -35 -35 -35 -34 -34 -34 -33 -33 -33 -32 -32 -32 -31 -31 -31 -30 -30 -29 -29 -29 -28 -28 -28 -27 -27 -27 -27 -26 -26 -26 -26 -26 -25 -25 -25 -25 -25 -24 -24 -24 -24 -24 -24 -24 -24 -24 -23 -23 -23 -23 -23 -23 -23 -23 -23 -23 -23 -23 -23 -23 -23 -23 -23 -23 -23 -23
-34 -34 -34 -34 -34 -34 -34 -34 -34 -34 -35 -35 -35 -35 -35 -35 -35 -35 -35 -36 -36 -37 -37 -38 -38 -38 -38 -37 -37 -37 -36 -36 -36 -36 -35 -35 -35 -35 -34 -34 -34 -33 -33 -33 -32 -32 -32 -31 -31 -32 -30 -30 -29 -29 -28 -28 -28 -27 -27 -27 -26 -26 -26 -26 -25 -25 -25 -25 -25 -25 -24 -24 -24 -24 -24 -24 -24 -23 -23 -23 -23 -23 -23 -23 -23 -23 -23 -23 -23 -23 -23 -23 -23 -23 -23 -23 -23 -23 -23 -23
-34 -34 -34 -34 -34 -34 -34 -34 -35 -35 -35 -35 -35 -35 -35 -35 -35 -36 -36 -37 -37 -38 -38 -39 -38 -38 -38 -37 -37 -37 -37 -36 -36 -36 -36 -36 -36 -35 -35 -35 -34 -34 -34 -33 -33 -33 -32 -32 -32 -31 -31 -31 -31 -29 -29 -28 -28 -27 -27 -27 -26 -26 -26 -26 -25 -25 -25 -25 -25 -24 -24 -24 -24 -24 -23 -23 -23 -23 -23 -23 -23 -23 -23 -23 -23 -23 -22 -22 -22 -22 -22 -22 -22 -22 -22 -22 -22 -22 -22 -22
-34 -34 -34 -34 -34 -34 -35 -35 -35 -35 -36 -36 -36 -36 -36 -36 -36 -37 -37 -38 -38 -39 -39 -39 -38 -38 -38 -38 -37 -37 -37 -37 -37 -37 -36 -36 -38 -37 -37 -37 -36 -36 -36 -35 -35 -35 -34 -34 -34 -33 -33 -32 -30 -30 -30 -30 -28 -28 -27 -27 -26 -26 -26 -25 -25 -25 -25 -24 -24 -24 -24 -24 -24 -23 -23 -23 -23 -23 -23 -23 -23 -23 -23 -22 -22 -22 -22 -22 -22 -22 -22 -22 -22 -22 -22 -22 -22 -22 -22 -22
-35 -35 -35 -35 -35 -35 -35 -35 -36 -36 -36 -36 -36 -36 -36 -37 -37 -38 -38 -39 -39 -39 -39 -39 -39 -38 -38 -38 -38 -38 -38 -37 -37 -37 -38 -38 -38 -38 -37 -37 -37 -36 -36 -36 -35 -35 -35 -34 -34 -34 -33 -33 -32 -32 -31 -29 -29 -29 -29 -27 -27 -26 -26 -25 -25 -25 -25 -24 -24 -24 -24 -24 -23 -23 -23 -23 -23 -23 -23 -23 -22 -22 -22 -22 -22 -22 -22 -22 -22 -22 -22 -22 -22 -22 -22 -22 -22 -22 -22 -22
-35 -35 -35 -35 -35 -35 -36 -36 -36 -36 -37 -37 -37 -37 -37 -38 -38 -39 -39 -40 -40 -39 -39 -39 -39 -39 -39 -39 -38 -38 -38 -38 -39 -39 -39 -38 -37 -37 -37 -36 -36 -36 -35 -35 -35 -34 -34 -34 -33 -33 -33 -33 -33 -32 -32 -31 -31 -30 -28 -28 -28 -28 -26 -25 -25 -25 -24 -24 -24 -24 -23 -23 -23 -23 -23 -23 -23 -22 -22 -22 -22 -22 -22 -22 -22 -22 -22 -22 -22 -22 -22 -22 -22 -22 -22 -22 -22 -22 -22 -22
-35 -35 -35 -35 -36 -36 -36 -36 -37 -37 -37 -37 -37 -38 -38 -39 -39 -40 -40 -40 -40 -40 -40 -40 -40 -39 -39 -39 -39 -39 -40 -40 -39 -38 -38 -38 -37 -37 -37 -36 -36 -36 -35 -35 -35 -34 -34 -34 -33 -33 -33 -32 -32 -32 -32 -32 -31 -31 -30 -30 -29 -27 -27 -27 -27 -25 -24 -24 -24 -24 -23 -23 -23 -23 -23 -22 -22 -22 -22 -22 -22 -22 -22 -22 -22 -22 -21 -21 -21 -21 -21 -21 -21 -21 -21 -21 -21 -21 -21 -21
-36 -36 -36 -36 -36 -36 -37 -37 -37 -37 -38 -38 -38 -39 -39 -40 -40 -41 -40 -40 -40 -40 -40 -40 -40 -40 -40 -40 -41 -40 -39 -39 -39 -38 -38 -38 -37 -37 -37 -36 -36 -36 -35 -35 -35 -34 -34 -34 -33 -33 -33 -32 -32 -32 -31 -31 -31 -31 -31 -30 -30 -29 -30 -28 -27 -25 -24 -24 -24 -23 -23 -23 -23 -22 -22 -22 -22 -22 -22 -22 -22 -22 -22 -21 -21 -21 -21 -21 -21 -21 -21 -21 -21 -21 -21 -21 -21 -21 -21 -21
-36 -36 -36 -36 -36 -37 -37 -37 -37 -38 -38 -38 -39 -39 -40 -40 -41 -41 -41 -41 -41 -41 -41 -41 -41 -41 -41 -40 -40 -40 -39 -39 -39 -38 -38 -37 -37 -36 -36 -36 -35 -35 -35 -34 -34 -34 -33 -33 -33 -32 -32 -32 -32 -32 -31 -31 -31 -30 -30 -30 -30 -30 -29 -28 -26 -26 -26 -26 -24 -23 -23 -23 -23 -22 -22 -22 -22 -22 -22 -22 -21 -21 -21 -21 -21 -21 -21 -21 -21 -21 -21 -21 -21 -21 -21 -21 -21 -21 -21 -21
-36 -36 -36 -37 -37 -37 -37 -38 -38 -38 -39 -39 -40 -40 -41 -41 -41 -41 -41 -41 -41 -41 -41 -42 -41 -41 -41 -40 -40 -40 -39 -39 -38 -38 -37 -37 -37 -36 -36 -36 -35 -35 -35 -34 -34 -34 -33 -33 -33 -32 -32 -32 -31 -31 -31 -31 -31 -30 -30 -30 -29 -29 -29 -29 -29 -29 -27 -26 -24 -23 -23 -23 -22 -22 -22 -22 -22 -22 -21 -21 -21 -21 -21 -21 -21 -21 -21 -21 -21 -21 -21 -21 -21 -21 -21 -21 -21 -21 -21 -21
-37 -37 -37 -37 -37 -38 -38 -38 -38 -39 -39 -40 -40 -41 -41 -42 -42 -42 -42 -42 -42 -42 -42 -42 -41 -41 -41 -40 -40 -39 -39 -38 -38 -38 -37 -37 -36 -36 -36 -35 -35 -35 -34 -34 -34 -33 -33 -33 -32 -32 -32 -32 -31 -31 -31 -30 -30 -30 -30 -30 -29 -29 -29 -29 -29 -28 -27 -25 -25 -25 -25 -23 -22 -22 -22 -22 -21 -21 -21 -21 -21 -21 -21 -21 -21 -21 -20 -20 -20 -20 -20 -20 -20 -20 -20 -20 -20 -20 -20 -20
-37 -37 -37 -37 -38 -38 -38 -38 -39 -39 -39 -41 -41 -42 -42 -42 -42 -42 -42 -42 -42 -42 -42 -42 -41 -41 -40 -40 -39 -39 -39 -38 -38 -37 -37 -37 -36 -36 -36 -35 -35 -35 -34 -34 -34 -33 -33 -33 -32 -32 -32 -31 -31 -31 -31 -30 -30 -30 -29 -29 -29 -29 -29 -28 -28 -28 -28 -28 -28 -26 -25 -23 -22 -22 -22 -21 -21 -21 -21 -21 -21 -21 -21 -20 -20 -20 -20 -20 -20 -20 -20 -20 -20 -20 -20 -20 -20 -20 -20 -20
-37 -37 -38 -38 -38 -38 -39 -39 -39 -40 -40 -41 -42 -42 -43 -43 -43 -43 -43 -43 -43 -42 -42 -41 -41 -40 -40 -40 -39 -39 -38 -38 -38 -37 -37 -36 -36 -36 -35 -35 -35 -34 -34 -34 -33 -33 -33 -32 -33 -33 -31 -31 -31 -31 -30 -30 -30 -30 -29 -29 -29 -28 -28 -28 -28 -28 -28 -28 -27 -26 -24 -24 -24 -24 -22 -21 -21 -21 -21 -21 -21 -20 -20 -20 -20 -20 -20 -20 -20 -20 -20 -20 -20 -20 -20 -20 -20 -20 -20 -20
-38 -38 -38 -38 -39 -39 -39 -39 -40 -40 -41 -42 -43 -43 -43 -43 -43 -43 -43 -43 -43 -42 -41 -41 -41 -40 -40 -39 -39 -39 -38 -38 -37 -37 -37 -37 -38 -37 -37 -37 -36 -36 -36 -35 -35 -35 -34 -34 -34 -33 -33 -32 -32 -30 -30 -30 -30 -29 -29 -29 -29 -28 -28 -28 -28 -28 -27 -27 -27 -27 -27 -27 -25 -24 -22 -21 -21 -21 -21 -20 -20 -20 -20 -20 -20 -20 -20 -20 -20 -20 -20 -20 -20 -20 -20 -20 -20 -20 -20 -20
-38 -38 -38 -39 -39 -39 -39 -40 -40 -40 -42 -43 -43 -44 -44 -44 -44 -44 -43 -43 -42 -42 -41 -41 -40 -40 -40 -39 -39 -38 -38 -38 -38 -38 -38 -38 -40 -40 -39 -39 -39 -38 -38 -38 -37 -37 -37 -36 -36 -36 -35 -35 -32 -32 -31 -31 -29 -29 -29 -29 -28 -28 -28 -28 -27 -27 -27 -27 -27 -27 -27 -26 -25 -23 -25 -24 -23 -21 -20 -20 -20 -20 -20 -20 -20 -20 -19 -19 -19 -19 -19 -19 -19 -19 -19 -19 -19 -19 -19 -19
-38 -39 -39 -39 -39 -40 -40 -40 -41 -41 -42 -44 -44 -44 -44 -44 -44 -44 -43 -42 -42 -42 -41 -41 -40 -40 -39 -39 -39 -39 -39 -39 -39 -39 -39 -41 -43 -43 -42 -42 -42 -41 -41 -41 -40 -40 -40 -39 -39 -39 -38 -35 -35 -34 -34 -31 -31 -30 -30 -28 -28 -28 -28 -27 -27 -27 -27 -27 -27 -26 -26 -26 -26 -26 -26 -24 -23 -21 -20 -20 -20 -20 -20 -20 -19 -19 -19 -19 -19 -19 -19 -19 -19 -19 -19 -19 -19 -19 -19 -19
-39 -39 -39 -40 -40 -40 -40 -41 -41 -42 -43 -44 -45 -45 -45 -44 -44 -43 -43 -42 -42 -41 -41 -40 -40 -40 -40 -40 -40 -40 -40 -40 -40 -40 -42 -44 -44 -45 -45 -44 -44 -44 -43 -43 -43 -42 -42 -42 -41 -41 -41 -39 -38 -37 -34 -34 -33 -33 -30 -30 -29 -29 -27 -27 -27 -27 -27 -26 -26 -26 -26 -26 -26 -26 -25 -24 -22 -21 -20 -20 -20 -20 -19 -19 -19 -19 -19 -19 -19 -19 -19 -19 -19 -19 -19 -19 -19 -19 -19 -19
-39 -39 -40 -40 -40 -40 -41 -41 -41 -43 -44 -45 -45 -45 -45 -45 -44 -43 -43 -43 -42 -42 -41 -41 -41 -41 -41 -41 -41 -41 -41 -41 -41 -43 -45 -45 -46 -47 -46 -46 -45 -45 -44 -44 -43 -43 -42 -42 -41 -41 -41 -40 -40 -40 -38 -37 -36 -33 -33 -32 -32 -29 -31 -28 -27 -27 -26 -26 -26 -26 -26 -26 -25 -25 -25 -25 -25 -24 -23 -22 -20 -19 -19 -19 -19 -19 -19 -19 -19 -19 -19 -19 -19 -19 -19 -19 -19 -19 -19 -19
-40 -40 -40 -40 -41 -41 -41 -42 -42 -43 -45 -46 -46 -45 -45 -44 -44 -43 -43 -42 -42 -41 -41 -41 -42 -42 -42 -42 -42 -42 -42 -42 -44 -46 -46 -47 -47 -46 -46 -45 -45 -44 -44 -43 -43 -42 -42 -41 -41 -40 -40 -40 -40 -39 -39 -39 -37 -36 -35 -32 -32 -31 -31 -28 -28 -26 -26 -26 -26 -26 -25 -25 -25 -25 -25 -25 -25 -25 -23 -22 -20 -19 -19 -19 -19 -19 -19 -18 -18 -18 -18 -18 -18 -18 -18 -18 -18 -18 -18 -18
-40 -40 -41 -41 -41 -41 -42 -42 -43 -44 -45 -46 -46 -46 -45 -44 -44 -44 -43 -43 -42 -42 -42 -42 -43 -43 -43 -43 -43 -43 -43 -45 -47 -47 -48 -47 -46 -46 -45 -45 -44 -44 -43 -43 -42 -42 -41 -41 -40 -40 -40 -39 -39 -39 -39 -38 -38 -38 -36 -35 -34 -31 -32 -31 -30 -27 -26 -26 -25 -25 -25 -25 -25 -25 -24 -24 -24 -24 -23 -21 -20 -19 -19 -19 -19 -18 -18 -18 -18 -18 -18 -18 -18 -18 -18 -18 -18 -18 -18 -18
-40 -41 -41 -41 -41 -42 -42 -42 -44 -45 -46 -46 -46 -45 -45 -44 -44 -43 -43 -42 -42 -42 -42 -43 -44 -44 -44 -44 -44 -44 -46 -48 -48 -48 -47 -47 -46 -46 -45 -45 -44 -44 -43 -43 -42 -42 -41 -41 -40 -40 -39 -39 -39 -38 -38 -38 -38 -37 -37 -37 -35 -34 -33 -30 -30 -27 -27 -25 -25 -25 -25 -25 -24 -24 -24 -24 -24 -24 -24 -23 -22 -21 -19 -18 -18 -18 -18 -18 -18 -18 -18 -18 -18 -18 -18 -18 -18 -18 -18 -18
-41 -41 -41 -42 -42 -42 -43 -43 -44 -46 -47 -47 -46 -45 -45 -45 -44 -44 -43 -43 -43 -43 -43 -44 -45 -45 -45 -45 -45 -47 -49 -49 -48 -48 -47 -47 -45 -45 -44 -44 -43 -43 -42 -42 -41 -41 -40 -40 -39 -39 -39 -39 -38 -38 -38 -37 -37 -37 -37 -36 -36 -36 -34 -33 -31 -30 -29 -26 -25 -25 -24 -24 -24 -24 -24 -24 -24 -24 -24 -24 -22 -21 -19 -18 -18 -18 -18 -18 -18 -18 -18 -18 -18 -18 -18 -18 -18 -18 -18 -18
-41 -42 -42 -42 -42 -43 -43 -44 -45 -46 -47 -46 -46 -45 -45 -44 -44 -43 -43 -43 -43 -43 -44 -45 -46 -46 -46 -46 -48 -50 -49 -49 -48 -48 -46 -46 -46 -45 -45 -44 -44 -43 -43 -42 -42 -41 -41 -40 -40 -39 -38 -38 -38 -38 -37 -37 -37 -36 -36 -36 -36 -35 -35 -33 -32 -29 -29 -26 -26 -24 -24 -24 -24 -24 -23 -23 -23 -23 -23 -23 -22 -20 -19 -18 -18 -18 -18 -17 -17 -17 -17 -17 -17 -17 -17 -17 -17 -17 -17 -17
-42 -42 -42 -42 -43 -43 -43 -45 -46 -47 -47 -46 -46 -46 -45 -45 -44 -44 -44 -44 -44 -44 -45 -46 -47 -47 -47 -49 -50 -50 -49 -49 -47 -47 -47 -46 -46 -49 -48 -48 -47 -47 -46 -46 -45 -45 -44 -44 -43 -43 -42 -38 -37 -37 -37 -37 -36 -36 -36 -35 -35 -35 -35 -35 -34 -32 -30 -29 -28 -25 -24 -24 -23 -23 -23 -23 -23 -23 -23 -23 -23 -22 -21 -20 -18 -17 -17 -17 -17 -17 -17 -17 -17 -17 -17 -17 -17 -17 -17 -17
-42 -42 -42 -43 -43 -43 -44 -44 -45 -47 -47 -46 -46 -45 -45 -44 -44 -44 -44 -44 -44 -44 -45 -46 -48 -48 -48 -50 -50 -50 -48 -48 -48 -47 -47 -47 -47 -55 -54 -54 -53 -53 -52 -52 -51 -51 -50 -50 -49 -50 -48 -42 -41 -37 -36 -36 -36 -36 -35 -35 -35 -34 -34 -34 -34 -32 -31 -28 -28 -25 -25 -23 -23 -23 -23 -23 -23 -23 -23 -23 -23 -23 -21 -20 -18 -17 -17 -17 -17 -17 -17 -17 -17 -17 -17 -17 -17 -17 -17 -17
-42 -43 -43 -43 -43 -44 -44 -45 -46 -47 -47 -47 -46 -46 -45 -45 -45 -45 -45 -45 -45 -45 -46 -47 -49 -49 -49 -51 -49 -49 -49 -48 -48 -48 -48 -48 -48 -57 -56 -56 -55 -55 -54 -54 -53 -53 -52 -52 -51 -51 -50 -49 -47 -41 -40 -36 -35 -35 -35 -35 -34 -34 -34 -34 -34 -34 -33 -31 -29 -28 -27 -24 -23 -23 -22 -22 -22 -22 -22 -22 -22 -22 -21 -19 -18 -17 -17 -17 -17 -17 -17 -17 -17 -17 -17 -17 -17 -17 -17 -17
-43 -43 -43 -43 -44 -44 -44 -46 -47 -47 -47 -46 -46 -45 -45 -45 -45 -45 -45 -45 -45 -45 -46 -47 -50 -50 -50 -50 -50 -49 -49 -49 -49 -49 -49 -49 -49 -58 -57 -57 -56 -56 -55 -55 -54 -54 -53 -53 -52 -52 -51 -50 -49 -48 -46 -40 -39 -35 -34 -34 -34 -34 -33 -33 -33 -33 -33 -31 -30 -27 -27 -24 -24 -22 -22 -22 -22 -22 -22 -22 -22 -22 -22 -21 -20 -19 -17 -16 -16 -16 -16 -16 -16 -16 -16 -16 -16 -16 -16 -16
-43 -43 -43 -44 -44 -44 -45 -45 -46 -47 -47 -47 -46 -46 -46 -46 -46 -46 -46 -46 -46 -46 -47 -48 -50 -51 -51 -50 -50 -50 -50 -50 -50 -50 -50 -50 -50 -60 -59 -59 -58 -58 -57 -57 -56 -56 -55 -55 -54 -54 -53 -52 -50 -49 -48 -47 -45 -39 -38 -34 -33 -33 -33 -33 -33 -33 -33 -33 -32 -30 -28 -27 -26 -23 -22 -22 -22 -22 -22 -22 -22 -22 -22 -22 -20 -19 -17 -16 -16 -16 -16 -16 -16 -16 -16 -16 -16 -16 -16 -16
-43 -44 -44 -44 -44 -45 -45 -46 -47 -48 -47 -46 -46 -46 -46 -46 -46 -46 -46 -46 -46 -46 -47 -48 -51 -51 -51 -51 -51 -51 -51 -51 -51 -51 -51 -51 -51 -61 -70 -69 -69 -68 -68 -67 -67 -66 -66 -65 -65 -64 -64 -58 -52 -51 -49 -48 -47 -46 -44 -38 -37 -33 -32 -32 -32 -32 -32 -32 -32 -30 -29 -26 -26 -23 -23 -21 -21 -21 -21 -21 -21 -21 -21 -21 -20 -18 -17 -16 -16 -16 -16 -16 -16 -16 -16 -16 -16 -16 -16 -16
-44 -44 -44 -44 -45 -45 -45 -47 -48 -48 -47 -47 -47 -47 -47 -47 -47 -47 -47 -47 -47 -47 -48 -49 -51 -52 -52 -52 -52 -52 -52 -52 -52 -52 -52 -52 -52 -62 -76 -75 -74 -73 -72 -71 -70 -69 -68 -67 -66 -65 -64 -63 -63 -57 -51 -50 -48 -47 -46 -45 -43 -37 -36 -32 -32 -32 -32 -32 -32 -32 -31 -29 -27 -26 -25 -22 -21 -21 -21 -21 -21 -21 -21 -21 -21 -20 -19 -18 -16 -16 -16 -16 -16 -16 -16 -16 -16 -16 -16 -16
-44 -44 -44 -45 -45 -45 -46 -46 -47 -48 -48 -47 -47 -47 -47 -47 -47 -47 -47 -47 -47 -47 -48 -49 -52 -53 -53 -53 -53 -53 -53 -53 -53 -53 -53 -53 -53 -63 -89 -88 -87 -86 -85 -84 -83 -82 -81 -80 -79 -78 -78 -63 -62 -62 -56 -50 -49 -47 -46 -45 -44 -42 -36 -35 -31 -31 -31 -31 -31 -31 -31 -29 -28 -25 -25 -22 -22 -21 -21 -21 -21 -21 -21 -21 -21 -21 -19 -18 -16 -15 -15 -15 -15 -15 -15 -15 -15 -15 -15 -15
-44 -45 -45 -45 -45 -46 -46 -47 -48 -48 -47 -47 -48 -48 -48 -48 -48 -48 -48 -48 -48 -48 -49 -50 -52 -54 -54 -54 -54 -54 -54 -54 -54 -54 -54 -54 -54 -64 -86 -85 -84 -83 -82 -81 -80 -79 -78 -77 -76 -75 -77 -77 -62 -61 -61 -55 -49 -48 -46 -45 -44 -43 -41 -35 -31 -31 -31 -31 -31 -31 -31 -30 -28 -26 -25 -24 -21 -20 -20 -20 -20 -20 -20 -20 -20 -20 -19 -17 -16 -15 -15 -15 -15 -15 -15 -15 -15 -15 -15 -15
-45 -45 -45 -45 -46 -46 -46 -48 -49 -48 -48 -48 -48 -48 -48 -48 -48 -48 -48 -48 -48 -48 -49 -50 -53 -55 -55 -55 -55 -55 -55 -55 -55 -55 -55 -55 -55 -65 -85 -84 -83 -82 -81 -80 -79 -78 -77 -76 -75 -74 -74 -76 -78 -61 -60 -60 -54 -48 -47 -45 -44 -43 -42 -40 -34 -30 -30 -30 -30 -30 -30 -30 -28 -27 -24 -24 -21 -20 -20 -20 -20 -20 -20 -20 -20 -20 -19 -18 -17 -17 -15 -15 -15 -15 -15 -15 -15 -15 -15 -15
-45 -45 -45 -46 -46 -46 -47 -47 -48 -49 -48 -48 -49 -49 -49 -49 -49 -49 -49 -49 -49 -49 -50 -51 -53 -56 -56 -56 -56 -56 -56 -56 -56 -56 -56 -56 -56 -66 -84 -83 -82 -81 -80 -79 -78 -77 -76 -75 -74 -73 -73 -75 -77 -79 -60 -59 -59 -53 -47 -46 -44 -43 -42 -40 -34 -30 -30 -30 -30 -30 -30 -30 -29 -27 -25 -24 -23 -21 -20 -20 -20 -20 -20 -20 -20 -20 -20 -18 -17 -15 -15 -15 -15 -15 -15 -15 -15 -15 -15 -15
-45 -46 -46 -46 -46 -47 -47 -48 -49 -48 -48 -48 -49 -49 -49 -49 -49 -49 -49 -49 -49 -49 -50 -51 -54 -57 -57 -57 -57 -57 -57 -57 -57 -57 -57 -57 -57 -67 -84 -83 -82 -81 -80 -79 -78 -77 -76 -75 -74 -73 -72 -74 -76 -78 -79 -59 -58 -58 -52 -46 -45 -43 -42 -41 -39 -33 -29 -29 -29 -29 -29 -29 -29 -27 -26 -23 -23 -20 -19 -19 -19 -19 -19 -19 -19 -19 -19 -18 -16 -15 -14 -14 -14 -14 -14 -14 -14 -14 -14 -14
-46 -46 -46 -46 -46 -47 -47 -47 -49 -49 -49 -49 -49 -50 -50 -50 -50 -50 -50 -50 -50 -50 -50 -51 -52 -55 -58 -58 -58 -58 -58 -58 -58 -58 -58 -58 -58 -58 -59 -60 -61 -62 -63 -64 -65 -66 -67 -68 -69 -70 -71 -73 -75 -77 -78 -80 -58 -57 -57 -51 -45 -44 -42 -41 -39 -33 -29 -29 -29 -29 -29 -29 -29 -28 -26 -24 -23 -20 -19 -19 -19 -19 -19 -19 -19 -19 -19 -18 -17 -16 -14 -14 -14 -14 -14 -14 -14 -14 -14 -14
-46 -46 -46 -46 -47 -47 -47 -48 -48 -49 -49 -49 -49 -50 -50 -50 -50 -50 -50 -50 -50 -50 -50 -51 -52 -53 -56 -59 -59 -59 -59 -59 -59 -59 -59 -59 -59 -59 -60 -61 -62 -63 -64 -65 -66 -67 -68 -69 -70 -71 -72 -74 -76 -77 -79 -80 -82 -57 -56 -56 -50 -44 -43 -41 -40 -38 -32 -28 -28 -28 -28 -28 -28 -28 -26 -25 -23 -22 -20 -19 -19 -19 -19 -19 -19 -19 -19 -19 -17 -16 -16 -14 -14 -14 -14 -14 -14 -14 -14 -14
-46 -46 -47 -47 -47 -47 -48 -48 -49 -49 -49 -49 -49 -50 -51 -51 -51 -51 -51 -51 -51 -51 -51 -51 -52 -53 -54 -57 -60 -60 -60 -60 -60 -60 -60 -60 -60 -60 -61 -62 -63 -64 -65 -66 -67 -68 -69 -70 -71 -72 -73 -75 -76 -78 -79 -81 -81 -81 -56 -55 -55 -49 -43 -42 -40 -38 -32 -28 -28 -28 -28 -28 -28 -28 -27 -25 -22 -22 -19 -18 -18 -18 -18 -18 -18 -18 -18 -18 -17 -16 -14 -14 -14 -14 -14 -14 -14 -14 -14 -14
-47 -47 -47 -47 -47 -47 -48 -48 -48 -50 -50 -50 -50 -50 -51 -51 -51 -51 -51 -51 -51 -51 -51 -51 -52 -53 -54 -55 -58 -61 -61 -61 -61 -61 -61 -61 -61 -61 -62 -63 -64 -65 -66 -67 -68 -69 -70 -71 -72 -73 -74 -75 -77 -78 -80 -80 -80 -80 -80 -55 -54 -54 -48 -42 -40 -39 -37 -31 -27 -27 -27 -27 -27 -27 -27 -25 -23 -22 -19 -18 -18 -18 -18 -18 -18 -18 -18 -18 -17 -15 -14 -13 -13 -13 -13 -13 -13 -13 -13 -13
-47 -47 -47 -47 -47 -48 -48 -48 -49 -49 -50 -50 -50 -50 -51 -52 -52 -52 -52 -52 -52 -52 -52 -52 -52 -53 -54 -55 -56 -59 -62 -62 -62 -62 -62 -62 -62 -62 -62 -63 -64 -65 -66 -67 -68 -69 -70 -71 -72 -73 -74 -76 -77 -79 -79 -79 -79 -79 -79 -79 -54 -53 -53 -47 -41 -39 -37 -31 -27 -27 -27 -27 -27 -27 -27 -26 -24 -22 -21 -19 -18 -18 -18 -18 -18 -18 -18 -18 -18 -16 -15 -13 -13 -13 -13 -13 -13 -13 -13 -13
-47 -47 -47 -48 -48 -48 -48 -49 -49 -50 -50 -50 -50 -51 -51 -52 -52 -52 -52 -52 -52 -52 -52 -52 -52 -53 -54 -55 -56 -57 -60 -63 -63 -63 -63 -63 -63 -63 -63 -64 -65 -66 -67 -68 -69 -70 -71 -72 -73 -74 -75 -76 -78 -78 -78 -78 -78 -78 -78 -78 -53 -52 -52 -47 -41 -39 -38 -36 -30 -26 -26 -26 -26 -26 -26 -26 -24 -21 -21 -18 -17 -17 -17 -17 -17 -17 -17 -17 -17 -16 -15 -15 -13 -13 -13 -13 -13 -13 -13 -13
-48 -48 -48 -48 -48 -48 -48 -49 -49 -49 -51 -51 -51 -51 -51 -52 -53 -53 -53 -53 -53 -53 -53 -53 -53 -53 -54 -55 -56 -57 -58 -61 -64 -64 -64 -64 -64 -64 -64 -65 -66 -67 -68 -69 -70 -71 -72 -73 -74 -75 -76 -77 -77 -77 -77 -77 -77 -77 -77 -77 -52 -51 -51 -46 -40 -38 -36 -30 -26 -26 -26 -26 -26 -26 -26 -25 -24 -22 -21 -18 -17 -17 -17 -17 -17 -17 -17 -17 -17 -16 -15 -13 -13 -13 -13 -13 -13 -13 -13 -13
-48 -48 -48 -48 -48 -48 -49 -49 -49 -50 -50 -51 -51 -51 -52 -52 -53 -53 -53 -53 -53 -53 -53 -53 -53 -53 -54 -55 -56 -57 -58 -59 -62 -65 -65 -65 -65 -65 -65 -66 -67 -68 -69 -70 -71 -72 -73 -74 -75 -76 -77 -76 -76 -76 -76 -76 -76 -76 -76 -76 -51 -50 -50 -46 -40 -38 -37 -35 -29 -25 -25 -25 -25 -25 -25 -25 -23 -21 -20 -18 -17 -17 -17 -17 -17 -17 -17 -17 -17 -15 -14 -13 -12 -12 -12 -12 -12 -12 -12 -12
-48 -48 -48 -48 -49 -49 -49 -49 -50 -50 -51 -51 -51 -52 -52 -52 -53 -54 -54 -54 -54 -54 -54 -54 -54 -54 -54 -55 -56 -57 -58 -59 -60 -63 -66 -66 -66 -66 -66 -67 -68 -69 -70 -71 -72 -73 -74 -75 -76 -77 -78 -75 -75 -75 -75 -75 -75 -75 -75 -75 -50 -49 -49 -45 -39 -37 -35 -29 -25 -25 -25 -25 -25 -25 -25 -24 -23 -20 -20 -17 -16 -16 -16 -16 -16 -16 -16 -16 -16 -15 -14 -12 -12 -12 -12 -12 -12 -12 -12 -12
-49 -49 -49 -49 -49 -49 -49 -49 -50 -50 -50 -52 -52 -52 -52 -53 -53 -54 -54 -54 -54 -54 -54 -54 -54 -54 -55 -55 -56 -57 -58 -59 -60 -61 -64 -67 -67 -67 -67 -68 -69 -70 -71 -72 -73 -74 -75 -76 -77 -78 -79 -74 -74 -74 -74 -74 -74 -74 -74 -74 -49 -48 -48 -45 -39 -37 -36 -34 -28 -24 -24 -24 -24 -24 -24 -24 -23 -21 -20 -17 -16 -16 -16 -16 -16 -16 -16 -16 -16 -15 -14 -14 -12 -12 -12 -12 -12 -12 -12 -12
-49 -49 -49 -49 -49 -49 -49 -50 -50 -50 -51 -51 -52 -52 -53 -53 -53 -54 -55 -55 -55 -55 -55 -55 -55 -55 -55 -56 -56 -57 -58 -59 -60 -61 -62 -65 -68 -68 -68 -69 -70 -71 -72 -73 -74 -75 -76 -77 -78 -79 -80 -73 -73 -73 -73 -73 -73 -73 -73 -73 -48 -47 -47 -44 -38 -36 -34 -28 -24 -24 -24 -24 -24 -24 -24 -23 -22 -20 -19 -17 -16 -16 -16 -16 -16 -16 -16 -16 -16 -15 -14 -12 -12 -12 -12 -12 -12 -12 -12 -12
-49 -49 -49 -49 -49 -50 -50 -50 -50 -51 -51 -52 -52 -53 -53 -53 -54 -54 -55 -55 -55 -55 -55 -55 -55 -55 -56 -56 -57 -57 -58 -59 -60 -61 -62 -63 -66 -69 -69 -70 -71 -72 -73 -74 -75 -76 -77 -78 -79 -80 -81 -72 -72 -72 -72 -72 -72 -72 -72 -73 -47 -46 -46 -44 -38 -36 -35 -33 -27 -23 -23 -23 -23 -23 -23 -23 -22 -19 -19 -16 -15 -15 -15 -15 -15 -15 -15 -15 -15 -14 -13 -12 -11 -11 -11 -11 -11 -11 -11 -11
-50 -50 -50 -50 -50 -50 -50 -50 -50 -50 -51 -51 -51 -52 -53 -53 -54 -54 -54 -55 -56 -56 -56 -56 -56 -56 -56 -56 -57 -57 -58 -58 -59 -60 -61 -62 -63 -64 -65 -65 -66 -66 -67 -67 -68 -68 -69 -69 -70 -70 -71 -71 -71 -71 -71 -71 -71 -71 -72 -72 -46 -45 -45 -43 -37 -35 -33 -27 -23 -23 -23 -23 -23 -23 -23 -22 -22 -20 -19 -16 -15 -15 -15 -15 -15 -15 -15 -15 -15 -14 -13 -11 -11 -11 -11 -11 -11 -11 -11 -11
-50 -50 -50 -50 -50 -50 -50 -50 -50 -51 -51 -51 -52 -52 -53 -54 -54 -54 -55 -55 -56 -56 -56 -56 -56 -56 -57 -57 -57 -57 -58 -58 -59 -59 -60 -61 -62 -63 -64 -64 -65 -65 -66 -66 -67 -67 -68 -68 -69 -69 -70 -70 -70 -70 -70 -70 -71 -71 -72 -72 -45 -44 -44 -43 -37 -35 -34 -32 -26 -22 -22 -22 -22 -22 -22 -22 -21 -19 -18 -16 -15 -15 -15 -15 -15 -15 -15 -15 -15 -14 -13 -13 -11 -11 -11 -11 -11 -11 -11 -11
-50 -50 -50 -50 -50 -50 -50 -51 -51 -51 -51 -52 -52 -52 -52 -53 -54 -54 -55 -55 -55 -56 -57 -57 -57 -57 -57 -57 -58 -58 -58 -58 -59 -59 -60 -60 -61 -62 -63 -63 -64 -64 -65 -65 -66 -66 -67 -67 -68 -68 -69 -69 -69 -69 -70 -70 -71 -71 -72 -73 -44 -43 -43 -42 -36 -34 -32 -26 -22 -22 -22 -22 -22 -22 -22 -21 -21 -18 -18 -15 -14 -14 -14 -14 -14 -14 -14 -14 -14 -14 -13 -11 -11 -11 -11 -11 -11 -11 -11 -11
-51 -51 -51 -51 -51 -51 -51 -51 -51 -51 -51 -51 -52 -52 -53 -53 -54 -55 -55 -55 -56 -56 -57 -57 -57 -57 -57 -58 -58 -58 -59 -59 -59 -59 -60 -60 -61 -61 -62 -62 -63 -63 -64 -64 -65 -65 -66 -66 -67 -67 -68 -68 -69 -69 -70 -70 -71 -72 -73 -73 -43 -42 -42 -41 -36 -34 -33 -31 -25 -21 -21 -21 -21 -21 -21 -21 -21 -19 -18 -15 -14 -14 -14 -14 -14 -14 -14 -14 -14 -13 -12 -11 -10 -10 -10 -10 -10 -10 -10 -10
-51 -51 -51 -51 -51 -51 -51 -51 -51 -51 -51 -52 -52 -52 -53 -53 -53 -54 -55 -55 -56 -56 -56 -57 -58 -58 -58 -58 -58 -59 -59 -59 -60 -60 -60 -60 -61 -61 -62 -62 -63 -63 -64 -64 -65 -65 -66 -66 -67 -67 -68 -68 -69 -69 -70 -71 -72 -72 -73 -73 -42 -41 -41 -40 -35 -33 -31 -25 -21 -21 -21 -21 -21 -21 -21 -20 -20 -18 -17 -15 -14 -14 -14 -14 -14 -14 -14 -14 -14 -13 -12 -10 -10 -10 -10 -10 -10 -10 -10 -10
-51 -51 -51 -51 -51 -51 -51 -51 -51 -52 -52 -52 -52 -53 -53 -53 -54 -54 -55 -56 -56 -56 -57 -57 -58 -58 -58 -59 -59 -59 -59 -60 -60 -60 -61 -61 -61 -61 -62 -62 -63 -63 -64 -64 -65 -65 -66 -66 -67 -67 -68 -68 -69 -70 -71 -71 -72 -72 -73 -74 -41 -40 -40 -39 -35 -33 -32 -30 -24 -20 -20 -20 -20 -20 -20 -20 -20 -17 -17 -14 -13 -13 -13 -13 -13 -13 -13 -13 -13 -13 -12 -12 -10 -10 -10 -10 -10 -10 -10 -10
-52 -52 -52 -52 -52 -52 -52 -52 -52 -52 -52 -52 -52 -52 -53 -53 -54 -54 -54 -55 -56 -56 -57 -57 -57 -58 -59 -59 -59 -60 -60 -60 -60 -61 -61 -61 -62 -62 -62 -63 -63 -64 -64 -65 -65 -66 -66 -67 -67 -68 -68 -69 -70 -70 -71 -71 -72 -73 -74 -74 -40 -39 -39 -38 -34 -32 -30 -24 -20 -20 -20 -20 -20 -20 -20 -19 -19 -18 -17 -14 -13 -13 -13 -13 -13 -13 -13 -13 -13 -13 -12 -10 -10 -10 -10 -10 -10 -10 -10 -10
-52 -52 -52 -52 -52 -52 -52 -52 -52 -52 -52 -52 -52 -53 -53 -54 -54 -54 -55 -55 -56 -57 -57 -57 -58 -58 -59 -59 -60 -60 -60 -61 -61 -61 -61 -62 -62 -62 -63 -63 -64 -64 -65 -65 -66 -66 -67 -67 -68 -68 -69 -69 -70 -70 -71 -72 -73 -73 -74 -75 -39 -38 -38 -37 -34 -32 -31 -29 -23 -19 -19 -19 -19 -19 -19 -19 -19 -17 -16 -14 -13 -13 -13 -13 -13 -13 -13 -13 -13 -12 -11 -10 -9 -9 -9 -9 -9 -9 -9 -9
-52 -52 -52 -52 -52 -52 -52 -52 -52 -52 -52 -53 -53 -53 -53 -53 -54 -54 -55 -55 -55 -56 -57 -57 -58 -58 -58 -59 -60 -60 -61 -61 -61 -62 -62 -62 -62 -63 -63 -63 -64 -64 -65 -65 -66 -66 -67 -67 -68 -68 -69 -69 -70 -71 -72 -72 -73 -74 -75 -75 -38 -37 -37 -36 -33 -31 -29 -23 -19 -19 -19 -19 -19 -19 -19 -18 -18 -16 -16 -13 -12 -12 -12 -12 -12 -12 -12 -12 -12 -12 -11 -9 -9 -9 -9 -9 -9 -9 -9 -9
-53 -53 -53 -53 -53 -53 -53 -53 -53 -53 -53 -53 -53 -53 -53 -54 -54 -55 -55 -55 -56 -56 -57 -58 -58 -58 -59 -59 -59 -60 -61 -61 -62 -62 -62 -63 -63 -63 -63 -64 -64 -65 -65 -66 -66 -67 -67 -68 -68 -69 -69 -70 -71 -71 -72 -73 -74 -74 -75 -75 -37 -36 -36 -35 -33 -31 -30 -28 -22 -18 -18 -18 -18 -18 -18 -18 -18 -17 -16 -13 -12 -12 -12 -12 -12 -12 -12 -12 -12 -12 -11 -11 -9 -9 -9 -9 -9 -9 -9 -9
-53 -53 -53 -53 -53 -53 -53 -53 -53 -53 -53 -53 -53 -53 -54 -54 -54 -54 -55 -55 -56 -56 -56 -57 -58 -58 -59 -59 -60 -60 -60 -61 -62 -62 -63 -63 -63 -64 -64 -64 -65 -65 -66 -66 -67 -67 -68 -68 -69 -69 -70 -70 -71 -72 -73 -73 -74 -74 -74 -36 -35 -35 -34 -34 -32 -30 -28 -22 -18 -18 -18 -18 -18 -18 -18 -17 -17 -16 -15 -13 -12 -12 -12 -12 -12 -12 -12 -12 -12 -11 -11 -9 -9 -9 -9 -9 -9 -9 -9 -9
-53 -53 -53 -53 -53 -53 -53 -53 -53 -53 -53 -53 -53 -54 -54 -54 -54 -55 -55 -56 -56 -56 -57 -57 -58 -59 -59 -59 -60 -60 -61 -61 -61 -62 -63 -63 -64 -64 -64 -65 -65 -66 -66 -67 -67 -68 -68 -69 -69 -70 -70 -71 -72 -72 -73 -73 -73 -74 -35 -34 -34 -33 -33 -32 -30 -29 -27 -21 -17 -17 -17 -17 -17 -17 -17 -17 -16 -15 -15 -12 -11 -11 -11 -11 -11 -11 -11 -11 -11 -11 -10 -9 -8 -8 -8 -8 -8 -8 -8 -8
-54 -54 -54 -54 -54 -54 -54 -54 -54 -54 -54 -54 -54 -54 -54 -54 -55 -55 -55 -55 -56 -56 -57 -57 -57 -58 -59 -60 -60 -60 -61 -61 -62 -62 -62 -63 -64 -64 -65 -65 -66 -66 -67 -67 -68 -68 -69 -69 -70 -70 -71 -71 -72 -72 -72 -73 -74 -34 -33 -33 -32 -32 -31 -31 -29 -27 -21 -17 -17 -17 -17 -17 -17 -17 -16 -16 -16 -15 -12 -11 -11 -11 -11 -11 -11 -11 -11 -11 -11 -10 -10 -8 -8 -8 -8 -8 -8 -8 -8 -8
-54 -54 -54 -54 -54 -54 -54 -54 -54 -54 -54 -54 -54 -54 -54 -55 -55 -55 -55 -56 -56 -57 -57 -57 -58 -58 -59 -59 -60 -61 -61 -61 -62 -62 -63 -63 -63 -64 -65 -65 -66 -66 -67 -67 -68 -68 -69 -69 -70 -70 -71 -71 -71 -72 -73 -73 -33 -32 -32 -31 -31 -30 -30 -29 -28 -26 -20 -16 -16 -16 -16 -16 -16 -16 -16 -15 -15 -14 -12 -11 -11 -11 -11 -11 -11 -11 -11 -11 -10 -10 -10 -8 -8 -8 -8 -8 -8 -8 -8 -8
-54 -54 -54 -54 -54 -54 -54 -54 -54 -54 -54 -54 -54 -54 -55 -55 -55 -55 -56 -56 -56 -56 -57 -57 -58 -58 -58 -59 -60 -60 -61 -62 -62 -62 -63 -63 -64 -64 -64 -65 -65 -66 -66 -67 -67 -68 -68 -69 -69 -70 -70 -71 -72 -72 -73 -32 -31 -31 -30 -30 -29 -29 -28 -28 -26 -20 -16 -16 -16 -16 -16 -16 -16 -15 -15 -15 -14 -14 -11 -10 -10 -10 -10 -10 -10 -10 -10 -10 -10 -10 -8 -8 -8 -8 -8 -8 -8 -8 -8 -8
-55 -55 -55 -55 -55 -55 -55 -55 -55 -55 -55 -55 -55 -55 -55 -55 -55 -56 -56 -56 -56 -57 -57 -58 -58 -58 -59 -59 -59 -60 -61 -61 -62 -63 -63 -63 -64 -64 -65 -65 -66 -66 -67 -67 -68 -68 -69 -69 -70 -70 -71 -71 -72 -72 -31 -30 -30 -29 -29 -28 -28 -27 -27 -27 -25 -19 -15 -15 -15 -15 -15 -15 -15 -15 -14 -14 -14 -11 -10 -10 -10 -10 -10 -10 -10 -10 -10 -10 -9 -9 -8 -7 -7 -7 -7 -7 -7 -7 -7 -7
-55 -55 -55 -55 -55 -55 -55 -55 -55 -55 -55 -55 -55 -55 -55 -55 -56 -56 -56 -56 -57 -57 -57 -57 -58 -58 -59 -59 -60 -60 -60 -61 -62 -62 -63 -64 -64 -64 -65 -65 -66 -66 -67 -67 -68 -68 -69 -69 -70 -70 -71 -71 -72 -30 -29 -29 -28 -28 -27 -27 -26 -26 -26 -25 -19 -15 -15 -15 -15 -15 -15 -15 -14 -14 -14 -13 -13 -11 -10 -10 -10 -10 -10 -10 -10 -10 -10 -9 -9 -9 -7 -7 -7 -7 -7 -7 -7 -7 -7 -7
-55 -55 -55 -55 -55 -55 -55 -55 -55 -55 -55 -55 -55 -55 -56 -56 -56 -56 -56 -57 -57 -57 -57 -58 -58 -59 -59 -59 -60 -60 -61 -61 -61 -62 -63 -63 -64 -65 -65 -65 -66 -66 -67 -67 -68 -68 -69 -69 -70 -70 -71 -71 -29 -28 -28 -27 -27 -26 -26 -25 -25 -25 -24 -24 -18 -14 -14 -14 -14 -14 -14 -14 -14 -13 -13 -13 -13 -10 -9 -9 -9 -9 -9 -9 -9 -9 -9 -9 -9 -9 -7 -7 -7 -7 -7 -7 -7 -7 -7 -7
-56 -56 -56 -56 -56 -56 -56 -56 -56 -56 -56 -56 -56 -56 -56 -56 -56 -56 -57 -57 -57 -57 -58 -58 -58 -58 -59 -60 -60 -60 -61 -61 -62 -62 -62 -63 -64 -64 -65 -66 -66 -67 -67 -68 -68 -69 -69 -70 -70 -71 -71 -28 -27 -27 -26 -26 -25 -25 -24 -24 -24 -23 -23 -18 -14 -14 -14 -14 -14 -14 -14 -13 -13 -13 -12 -12 -10 -9 -9 -9 -9 -9 -9 -9 -9 -9 -9 -8 -8 -7 -7 -7 -7 -7 -7 -7 -7 -7 -7 -7
-56 -56 -56 -56 -56 -56 -56 -56 -56 -56 -56 -56 -56 -56 -56 -56 -57 -57 -57 -57 -57 -58 -58 -58 -58 -59 -59 -59 -60 -61 -61 -61 -62 -62 -63 -63 -63 -64 -65 -65 -66 -66 -67 -67 -68 -68 -69 -69 -70 -70 -71 -27 -26 -26 -25 -25 -24 -24 -23 -23 -23 -22 -22 -17 -13 -13 -13 -13 -13 -13 -13 -13 -12 -12 -12 -12 -10 -9 -9 -9 -9 -9 -9 -9 -9 -9 -8 -8 -8 -7 -6 -6 -6 -6 -6 -6 -6 -6 -6 -6
-56 -56 -56 -56 -56 -56 -56 -56 -56 -56 -56 -56 -56 -56 -57 -57 -57 -57 -57 -57 -58 -58 -58 -58 -59 -59 -59 -60 -60 -60 -61 -62 -62 -62 -63 -63 -64 -64 -64 -65 -65 -66 -66 -67 -67 -68 -68 -69 -69 -70 -70 -26 -25 -25 -24 -24 -23 -23 -22 -22 -22 -21 -21 -16 -13 -13 -13 -13 -13 -13 -13 -12 -12 -12 -11 -11 -9 -8 -8 -8 -8 -8 -8 -8 -8 -8 -8 -8 -8 -6 -6 -6 -6 -6 -6 -6 -6 -6 -6 -6
-57 -57 -57 -57 -57 -57 -57 -57 -57 -57 -57 -57 -57 -57 -57 -57 -57 -57 -58 -58 -58 -58 -58 -59 -59 -59 -59 -60 -60 -61 -61 -61 -62 -63 -63 -63 -64 -64 -65 -65 -66 -66 -67 -67 -68 -68 -69 -69 -70 -70 -71 -25 -24 -24 -23 -23 -22 -22 -21 -21 -21 -20 -20 -15 -12 -12 -12 -12 -12 -12 -12 -12 -11 -11 -11 -11 -9 -8 -8 -8 -8 -8 -8 -8 -8 -8 -8 -7 -7 -6 -6 -6 -6 -6 -6 -6 -6 -6 -6 -6
-57 -57 -57 -57 -57 -57 -57 -57 -57 -57 -57 -57 -57 -57 -57 -57 -58 -58 -58 -58 -58 -58 -59 -59 -59 -59 -60 -60 -60 -61 -61 -62 -62 -62 -63 -64 -64 -64 -65 -65 -66 -66 -67 -67 -68 -68 -69 -69 -70 -70 -71 -24 -23 -23 -22 -22 -21 -21 -20 -20 -20 -19 -19 -14 -12 -12 -12 -12 -12 -12 -12 -11 -11 -11 -10 -10 -8 -8 -8 -8 -8 -8 -8 -8 -8 -8 -7 -7 -7 -6 -6 -6 -6 -6 -6 -6 -6 -6 -6 -6
-57 -57 -57 -57 -57 -57 -57 -57 -57 -57 -57 -57 -57 -57 -58 -58 -58 -58 -58 -58 -59 -59 -59 -59 -59 -60 -60 -60 -61 -61 -61 -62 -62 -63 -63 -63 -64 -65 -65 -66 -66 -67 -67 -68 -68 -69 -69 -70 -70 -71 -71 -23 -22 -22 -21 -21 -20 -20 -19 -19 -19 -18 -18 -13 -11 -11 -11 -11 -11 -11 -11 -11 -10 -10 -10 -10 -8 -7 -7 -7 -7 -7 -7 -7 -7 -7 -7 -7 -7 -5 -5 -5 -5 -5 -5 -5 -5 -5 -5 -5
-58 -58 -58 -58 -58 -58 -58 -58 -58 -58 -58 -58 -58 -58 -58 -58 -58 -58 -59 -59 -59 -59 -59 -59 -60 -60 -60 -61 -61 -61 -62 -62 -62 -63 -63 -64 -64 -64 -65 -65 -66 -66 -67 -67 -68 -68 -69 -69 -70 -70 -71 -22 -21 -21 -20 -20 -19 -19 -18 -18 -18 -17 -17 -12 -11 -11 -11 -11 -11 -11 -11 -10 -10 -10 -9 -9 -7 -7 -7 -7 -7 -7 -7 -7 -7 -7 -7 -6 -6 -5 -5 -5 -5 -5 -5 -5 -5 -5 -5 -5
-58 -58 -58 -58 -58 -58 -58 -58 -58 -58 -58 -58 -58 -58 -58 -58 -59 -59 -59 -59 -59 -59 -60 -60 -60 -60 -61 -61 -61 -62 -62 -62 -63 -63 -63 -64 -64 -65 -65 -66 -66 -67 -67 -68 -68 -69 -69 -70 -70 -71 -71 -21 -20 -20 -19 -19 -18 -18 -17 -17 -17 -16 -16 -11 -10 -10 -10 -10 -10 -10 -10 -10 -9 -9 -9 -9 -7 -7 -7 -7 -7 -7 -7 -7 -7 -7 -6 -6 -6 -5 -5 -5 -5 -5 -5 -5 -5 -5 -5 -5
-58 -58 -58 -58 -58 -58 -58 -58 -58 -58 -58 -58 -58 -59 -59 -59 -59 -59 -59 -59 -60 -60 -60 -60 -60 -60 -61 -61 -62 -62 -62 -63 -63 -63 -64 -64 -64 -65 -65 -66 -66 -67 -67 -68 -68 -69 -69 -70 -70 -71 -71 -20 -19 -19 -18 -18 -17 -17 -16 -16 -16 -15 -15 -10 -10 -10 -10 -10 -10 -10 -10 -9 -9 -9 -8 -8 -6 -6 -6 -6 -6 -6 -6 -6 -6 -6 -6 -6 -6 -5 -5 -5 -5 -5 -5 -5 -5 -5 -5 -5
-59 -59 -59 -59 -59 -59 -59 -59 -59 -59 -59 -59 -59 -59 -59 -59 -59 -60 -60 -60 -60 -60 -60 -61 -61 -61 -61 -62 -62 -63 -63 -63 -64 -64 -64 -65 -65 -65 -66 -67 -68 -69 -70 -71 -72 -73 -74 -75 -76 -77 -78 -19 -18 -18 -17 -17 -16 -16 -15 -15 -15 -14 -14 -9 -9 -9 -9 -9 -9 -9 -9 -9 -8 -8 -8 -8 -6 -6 -6 -6 -6 -6 -6 -6 -6 -6 -6 -5 -5 -4 -4 -4 -4 -4 -4 -4 -4 -4 -4 -4
-59 -59 -59 -59 -59 -59 -59 -59 -59 -59 -59 -59 -59 -59 -60 -60 -60 -60 -60 -60 -60 -61 -61 -61 -61 -61 -62 -62 -63 -63 -64 -64 -64 -65 -65 -65 -66 -66 -66 -67 -68 -69 -70 -71 -72 -73 -74 -75 -76 -77 -78 -18 -17 -17 -16 -16 -15 -15 -14 -14 -14 -13 -13 -9 -9 -9 -9 -9 -9 -9 -9 -8 -8 -8 -7 -7 -6 -6 -6 -6 -6 -6 -6 -6 -6 -6 -5 -5 -5 -4 -4 -4 -4 -4 -4 -4 -4 -4 -4 -4
-59 -59 -59 -59 -59 -59 -59 -59 -59 -59 -59 -59 -59 -60 -60 -60 -60 -60 -61 -61 -61 -61 -61 -61 -62 -62 -62 -63 -63 -64 -64 -65 -65 -65 -66 -66 -66 -67 -67 -68 -69 -70 -71 -72 -73 -74 -75 -76 -77 -78 -17 -17 -16 -16 -15 -15 -14 -14 -13 -13 -13 -12 -12 -8 -8 -8 -8 -8 -8 -8 -8 -8 -7 -7 -7 -7 -5 -5 -5 -5 -5 -5 -5 -5 -5 -5 -5 -5 -5 -4 -4 -4 -4 -4 -4 -4 -4 -4 -4 -4
-60 -60 -60 -60 -60 -60 -60 -60 -60 -60 -60 -60 -60 -60 -60 -61 -61 -61 -61 -61 -61 -61 -62 -62 -62 -62 -63 -63 -64 -64 -65 -65 -66 -66 -66 -67 -67 -67 -68 -69 -70 -71 -72 -73 -74 -75 -76 -77 -78 -79 -16 -16 -15 -15 -14 -14 -13 -13 -12 -12 -12 -11 -11 -8 -8 -8 -8 -8 -8 -8 -8 -7 -7 -7 -6 -6 -5 -5 -5 -5 -5 -5 -5 -5 -5 -5 -5 -4 -4 -4 -4 -4 -4 -4 -4 -4 -4 -4 -4 -4
-60 -60 -60 -60 -60 -60 -60 -60 -60 -60 -60 -60 -60 -60 -61 -61 -61 -61 -61 -62 -62 -62 -62 -62 -62 -63 -63 -64 -64 -65 -65 -66 -66 -67 -67 -67 -68 -68 -68 -69 -70 -71 -72 -73 -74 -75 -76 -77 -78 -79 -15 -15 -14 -14 -13 -13 -12 -12 -11 -11 -11 -10 -10 -7 -7 -7 -7 -7 -7 -7 -7 -7 -6 -6 -6 -6 -5 -5 -5 -5 -5 -5 -5 -5 -5 -5 -4 -4 -4 -3 -3 -3 -3 -3 -3 -3 -3 -3 -3 -3
-60 -60 -60 -60 -60 -60 -60 -60 -60 -60 -60 -60 -60 -61 -61 -61 -62 -62 -62 -62 -62 -62 -62 -63 -63 -63 -64 -64 -65 -65 -66 -66 -67 -67 -68 -68 -68 -69 -69 -70 -71 -72 -73 -74 -75 -76 -77 -78 -79 -80 -14 -14 -13 -13 -12 -12 -11 -11 -10 -10 -10 -9 -9 -7 -7 -7 -7 -7 -7 -7 -7 -6 -6 -6 -5 -5 -4 -4 -4 -4 -4 -4 -4 -4 -4 -4 -4 -4 -4 -3 -3 -3 -3 -3 -3 -3 -3 -3 -3 -3
-61 -61 -61 -61 -61 -61 -61 -61 -61 -61 -61 -61 -61 -61 -61 -62 -62 -62 -62 -62 -63 -63 -63 -63 -63 -63 -64 -65 -65 -66 -66 -67 -67 -68 -68 -69 -69 -69 -70 -71 -72 -73 -74 -75 -76 -77 -78 -79 -80 -81 -13 -13 -12 -12 -11 -11 -10 -10 -9 -9 -9 -8 -8 -6 -6 -6 -6 -6 -6 -6 -6 -6 -5 -5 -5 -5 -4 -4 -4 -4 -4 -4 -4 -4 -4 -4 -4 -3 -3 -3 -3 -3 -3 -3 -3 -3 -3 -3 -3 -3
-61 -61 -61 -61 -61 -61 -61 -61 -61 -61 -61 -61 -61 -61 -62 -62 -62 -63 -63 -63 -63 -63 -63 -63 -64 -64 -64 -65 -66 -66 -67 -67 -68 -68 -69 -69 -70 -70 -70 -71 -72 -73 -74 -75 -76 -77 -78 -79 -80 -81 -12 -12 -11 -11 -10 -10 -9 -9 -8 -8 -8 -7 -7 -6 -6 -6 -6 -6 -6 -6 -6 -5 -5 -5 -4 -4 -4 -4 -4 -4 -4 -4 -4 -4 -4 -4 -3 -3 -3 -3 -3 -3 -3 -3 -3 -3 -3 -3 -3 -3
-61 -61 -61 -61 -61 -61 -61 -61 -61 -61 -61 -61 -61 -62 -62 -62 -63 -63 -63 -63 -63 -64 -64 -64 -64 -64 -65 -65 -66 -67 -67 -68 -68 -69 -69 -70 -70 -24 -23 -22 -21 -20 -19 -18 -17 -16 -15 -14 -13 -12 -11 -11 -10 -10 -9 -9 -8 -8 -7 -7 -7 -6 -6 -5 -5 -5 -5 -5 -5 -5 -5 -5 -4 -4 -4 -4 -3 -3 -3 -3 -3 -3 -3 -3 -3 -3 -3 -3 -3 -2 -2 -2 -2 -2 -2 -2 -2 -2 -2 -2
-62 -62 -62 -62 -62 -62 -62 -62 -62 -62 -62 -62 -62 -62 -62 -63 -63 -63 -64 -64 -64 -64 -64 -64 -64 -65 -65 -66 -66 -67 -68 -68 -69 -69 -70 -70 -25 -23 -22 -21 -20 -19 -18 -17 -16 -15 -14 -13 -12 -11 -10 -10 -10 -9 -9 -8 -8 -7 -7 -6 -6 -6 -5 -5 -5 -5 -5 -5 -5 -5 -5 -4 -4 -4 -3 -3 -3 -3 -3 -3 -3 -3 -3 -3 -3 -3 -3 -2 -2 -2 -2 -2 -2 -2 -2 -2 -2 -2 -2 -2
-62 -62 -62 -62 -62 -62 -62 -62 -62 -62 -62 -62 -62 -62 -63 -63 -63 -64 -64 -64 -64 -64 -65 -65 -65 -65 -66 -66 -67 -67 -68 -69 -69 -70 -70 -26 -24 -22 -21 -20 -19 -18 -17 -16 -15 -14 -13 -12 -11 -10 -9 -9 -9 -9 -8 -8 -7 -7 -6 -6 -5 -5 -5 -4 -4 -4 -4 -4 -4 -4 -4 -4 -4 -3 -3 -3 -3 -3 -3 -3 -3 -3 -3 -3 -3 -3 -2 -2 -2 -2 -2 -2 -2 -2 -2 -2 -2 -2 -2 -2
-62 -62 -62 -62 -62 -62 -62 -62 -62 -62 -62 -62 -63 -63 -63 -63 -64 -64 -64 -65 -65 -65 -65 -65 -65 -66 -66 -67 -67 -68 -68 -69 -70 -70 -27 -25 -23 -21 -20 -19 -18 -17 -16 -15 -14 -13 -12 -11 -10 -9 -8 -8 -8 -8 -8 -7 -7 -6 -6 -5 -5 -4 -4 -4 -4 -4 -4 -4 -4 -4 -4 -4 -3 -3 -3 -2 -2 -2 -2 -2 -2 -2 -2 -2 -2 -2 -2 -2 -2 -2 -2 -2 -2 -2 -2 -2 -2 -2 -2 -2
-63 -63 -63 -63 -63 -63 -63 -63 -63 -63 -63 -63 -63 -63 -64 -64 -64 -65 -65 -65 -65 -65 -66 -66 -66 -67 -67 -68 -68 -69 -69 -70 -71 -28 -26 -24 -22 -20 -19 -18 -17 -16 -15 -14 -13 -12 -11 -10 -9 -8 -7 -7 -7 -7 -7 -7 -6 -6 -5 -5 -4 -4 -3 -3 -3 -3 -3 -3 -3 -3 -3 -3 -3 -3 -2 -2 -2 -2 -2 -2 -2 -2 -2 -2 -2 -2 -2 -2 -1 -1 -1 -1 -1 -1 -1 -1 -1 -1 -1 -1
-63 -63 -63 -63 -63 -63 -63 -63 -63 -63 -63 -63 -64 -64 -64 -64 -65 -65 -65 -66 -66 -66 -66 -66 -66 -68 -68 -69 -69 -70 -70 -71 -29 -27 -25 -23 -21 -18 -17 -16 -15 -14 -13 -12 -11 -10 -9 -8 -7 -6 -6 -6 -6 -6 -6 -6 -6 -5 -5 -4 -4 -3 -3 -3 -3 -3 -3 -3 -3 -3 -3 -3 -3 -2 -2 -2 -2 -2 -2 -2 -2 -2 -2 -2 -2 -2 -2 -1 -1 -1 -1 -1 -1 -1 -1 -1 -1 -1 -1 -1
-63 -63 -63 -63 -63 -63 -63 -63 -63 -63 -63 -63 -64 -64 -65 -65 -65 -66 -66 -66 -66 -66 -67 -67 -67 -69 -69 -70 -70 -71 -71 -30 -28 -26 -24 -22 -19 -17 -16 -15 -14 -13 -12 -11 -10 -9 -8 -7 -6 -5 -5 -5 -5 -5 -5 -5 -5 -5 -4 -4 -3 -3 -2 -2 -2 -2 -2 -2 -2 -2 -2 -2 -2 -2 -2 -1 -1 -1 -1 -1 -1 -1 -1 -1 -1 -1 -1 -1 -1 -1 -1 -1 -1 -1 -1 -1 -1 -1 -1 -1
-64 -64 -64 -64 -64 -64 -64 -64 -64 -64 -64 -64 -65 -65 -65 -65 -66 -66 -66 -67 -67 -67 -67 -67 -67 -70 -70 -71 -71 -72 -31 -29 -27 -25 -23 -20 -17 -16 -15 -14 -13 -12 -11 -10 -9 -8 -7 -6 -5 -4 -4 -4 -4 -4 -4 -4 -4 -4 -4 -3 -3 -2 -2 -2 -2 -2 -2 -2 -2 -2 -2 -2 -2 -2 -1 -1 -1 -1 -1 -1 -1 -1 -1 -1 -1 -1 -1 -1 -1 -1 -1 -1 -1 -1 -1 -1 -1 -1 -1 -1
-64 -64 -64 -64 -64 -64 -64 -64 -64 -64 -64 -64 -65 -65 -66 -66 -66 -67 -67 -67 -67 -67 -68 -68 -68 -71 -71 -72 -72 -32 -30 -28 -26 -24 -21 -18 -16 -15 -14 -13 -12 -11 -10 -9 -8 -7 -6 -5 -4 -3 -3 -3 -3 -3 -3 -3 -3 -3 -3 -3 -2 -2 -1 -1 -1 -1 -1 -1 -1 -1 -1 -1 -1 -1 -1 -1 -1 -1 -1 -1 -1 -1 -1 -1 -1 -1 -1 -1 0 0 0 0 0 0 0 0 0 0 0 0
-64 -64 -64 -64 -64 -64 -64 -64 -64 -64 -64 -64 -66 -66 -66 -66 -67 -67 -67 -68 -68 -68 -68 -68 -68 -72 -72 -73 -33 -31 -29 -27 -25 -22 -19 -17 -15 -14 -13 -12 -11 -10 -9 -8 -7 -6 -5 -4 -3 -2 -2 -2 -2 -2 -2 -2 -2 -2 -2 -2 -2 -1 -1 -1 -1 -1 -1 -1 -1 -1 -1 -1 -1 -1 -1 0 0 0 0 0 0 0 0 0 0 0 0 0 0 0 0 0 0 0 0 0 0 0 0 0
-65 -65 -65 -65 -65 -65 -65 -65 -65 -65 -65 -65 -66 -66 -67 -67 -67 -68 -68 -68 -68 -68 -69 -69 -69 -73 -34 -32 -30 -28 -26 -23 -20 -18 -16 -15 -8 -7 -7 -6 -6 -5 -5 -4 -4 -3 -3 -2 -2 -1 -1 -1 -1 -1 -1 -1 -1 -1 -1 -1 -1 -1 0 0 0 0 0 0 0 0 0 0 0 0 0 0 0 0 0 0 0 0 0 0 0 0 0 0 0 0 0 0 0 0 0 0 0 0 0 0
-65 -65 -65 -65 -65 -65 -65 -65 -65 -65 -65 -65 -67 -67 -67 -67 -68 -68 -68 -69 -69 -69 -69 -69 -35 -33 -31 -29 -27 -24 -21 -19 -17 -16 -9 -8 -7 -6 -6 -5 -5 -4 -4 -3 -3 -2 -2 -1 -1 0 0 0 0 0 0 0 0 0 0 0 0 0 0 0 0 0 0 0 0 0 0 0 0 0 0 0 0 0 0 0 0 0 0 0 0 0 0 0 0 0 0 0 0 0 0 0 0 0 0 0
