0 0 0 0 0 0 0 0 0 0 0
0 0 1 1 1 1 1 2 2 2 3
0 1 2 2 2 3 3 4 4 5 6
0 2 3 3 4 4 5 5 6 8 9
0 2 4 4 5 6 6 7 8 10 12
0 3 4 5 6 7 8 9 10 12 14
0 3 5 6 7 8 10 11 12 14 17
0 4 6 7 9 10 11 13 14 17 19
0 4 7 8 10 11 13 14 16 19 22
0 4 7 9 11 12 14 16 18 21 24
0 4 8 10 12 14 15 18 20 23 26
0 5 8 11 13 15 17 19 22 25 28
0 5 9 12 14 16 18 21 23 26 30
0 5 9 12 15 17 20 22 25 28 32
0 5 10 13 16 18 21 23 27 30 34
0 5 10 14 17 20 22 25 28 32 36
0 5 10 14 18 21 23 26 30 34 38
0 6 11 15 18 22 25 28 31 35 40
0 6 11 15 19 23 26 29 33 37 42
0 6 11 16 20 24 27 31 34 39 44
0 6 12 16 21 25 28 32 36 40 46
0 6 12 17 21 25 29 33 37 42 48
0 6 12 17 22 26 30 34 39 44 49
0 6 12 18 22 27 32 36 40 45 51
0 6 13 18 23 28 33 37 42 47 53
0 6 13 19 24 29 34 38 43 48 55
0 6 13 19 24 29 35 39 44 50 56
0 6 13 19 25 30 35 41 46 51 58
0 6 13 20 25 31 36 42 47 53 60
0 6 13 20 26 32 37 43 48 55 61
0 6 14 20 26 32 38 44 50 56 63
0 6 14 21 27 33 39 45 51 57 65
0 6 14 21 27 33 40 46 52 59 66
0 7 14 21 28 34 41 47 54 60 68
0 7 14 21 28 35 41 48 55 62 70
0 7 14 22 29 35 42 49 56 63 71
0 7 14 22 29 36 43 50 57 65 73
0 7 14 22 30 36 43 51 58 66 74
0 7 14 22 30 37 44 52 59 67 76
0 7 15 23 30 38 45 53 60 69 77
0 7 15 23 31 38 45 53 62 70 79
0 7 15 23 31 39 46 54 63 71 80
0 7 15 23 31 39 47 55 64 72 82
0 7 15 23 32 40 47 56 65 74 83
0 7 15 23 32 40 48 57 66 75 85
0 7 15 24 32 41 49 57 66 76 86
0 7 15 24 33 41 49 58 67 77 88
0 7 15 24 33 42 50 59 68 78 89
0 7 15 24 33 42 51 59 69 79 90
0 7 15 24 33 42 51 60 70 81 92
0 7 15 24 34 43 52 61 71 82 93
0 7 15 24 34 43 52 62 72 83 94
0 7 15 24 34 44 53 62 73 84 96
0 7 15 25 34 44 53 63 73 85 97
0 7 15 25 34 44 54 64 74 86 98
0 7 15 25 35 45 54 64 75 87 99
0 7 15 25 35 45 55 65 76 88 100
0 7 15 25 35 45 55 66 77 89 102
0 7 15 25 35 46 56 66 77 90 103
0 7 15 25 35 46 56 67 78 90 104
0 7 15 25 36 46 57 68 79 91 105
0 7 15 25 36 47 57 68 80 92 106
0 7 16 25 36 47 58 69 80 93 107
0 7 16 25 36 47 58 69 81 94 108
0 7 16 25 36 47 59 70 82 95 109
0 7 16 25 36 48 59 71 82 96 110
0 7 16 25 36 48 59 71 83 96 111
0 7 16 25 36 48 60 72 84 97 112
0 7 16 25 37 48 60 72 85 98 113
0 7 16 26 37 48 61 73 85 99 114
0 7 16 26 37 49 61 73 86 100 115
0 7 16 26 37 49 61 74 87 101 116
0 7 16 26 37 49 62 74 87 101 117
0 7 16 26 37 49 62 75 88 102 118
0 7 16 26 37 49 62 75 89 103 119
0 7 16 26 37 50 63 76 89 104 120
0 7 16 26 37 50 63 76 90 104 121
0 7 16 26 37 50 63 77 90 105 122
0 7 16 26 37 50 63 77 91 106 123
0 7 16 26 37 50 64 77 92 107 124
0 7 16 26 37 50 64 78 92 107 124
0 7 16 26 38 50 64 78 93 108 125
0 7 16 26 38 51 64 79 93 109 126
0 7 16 26 38 51 65 79 94 110 127
0 7 16 26 38 51 65 80 95 110 128
0 7 16 26 38 51 65 80 95 111 129
0 7 16 26 38 51 65 80 96 112 129
0 7 16 26 38 51 66 81 96 112 130
0 7 16 26 38 51 66 81 97 113 131
0 7 16 26 38 51 66 81 97 114 132
0 7 16 26 38 51 66 82 98 114 133
0 7 16 26 38 51 66 82 98 115 134
0 7 16 26 38 52 66 82 99 116 134
0 7 16 26 38 52 67 83 99 116 135
0 7 16 26 38 52 67 83 100 117 136
0 7 16 26 38 52 67 83 100 118 137
0 7 16 26 38 52 67 83 100 118 137
0 7 16 26 38 52 67 84 101 119 138
0 7 16 26 38 52 67 84 101 119 139
0 7 16 26 38 52 68 84 102 120 140
0 7 16 26 38 52 68 84 102 121 141
0 7 16 26 38 52 68 85 103 121 141
0 7 16 26 38 52 68 85 103 122 142
0 7 16 26 38 52 68 85 103 122 143
0 7 16 26 38 52 68 85 104 123 143
0 7 16 26 39 52 68 86 104 123 144
0 7 16 27 39 52 68 86 104 124 145
0 7 16 27 39 52 68 86 105 125 146
0 7 16 27 39 53 69 86 105 125 146
0 7 16 27 39 53 69 86 105 126 147
0 7 16 27 39 53 69 87 106 126 148
0 7 16 27 39 53 69 87 106 127 148
0 7 16 27 39 53 69 87 106 127 149
0 7 16 27 39 53 69 87 107 128 150
0 7 16 27 39 53 69 87 107 128 150
0 7 16 27 39 53 69 87 107 128 151
0 7 16 27 39 53 69 88 108 129 152
0 7 16 27 39 53 69 88 108 129 152
0 7 16 27 39 53 69 88 108 130 153
0 7 16 27 39 53 69 88 108 130 153
0 7 16 27 39 53 69 88 109 131 154
0 7 16 27 39 53 70 88 109 131 155
0 7 16 27 39 53 70 88 109 131 155
0 7 16 27 39 53 70 89 109 132 156
0 7 16 27 39 53 70 89 110 132 156
0 7 16 27 39 53 70 89 110 133 157
0 7 16 27 39 53 70 89 110 133 158
0 7 16 27 39 53 70 89 110 133 158
0 7 16 27 39 53 70 89 111 134 159
0 7 16 27 39 53 70 89 111 134 159
0 7 16 27 39 53 70 89 111 134 160
0 7 16 27 39 53 70 89 111 135 160
0 7 16 27 39 53 70 90 111 135 161
0 7 16 27 39 54 70 90 112 135 161
0 7 16 27 39 54 70 90 112 136 162
0 7 16 27 39 54 70 90 112 136 162
0 7 16 27 39 54 70 90 112 136 163
0 7 16 27 39 54 70 90 112 137 163
0 7 16 27 39 54 70 90 112 137 164
0 7 16 27 39 54 70 90 113 137 164
0 7 16 27 39 54 71 90 113 138 165
0 7 16 27 39 54 71 90 113 138 165
0 7 16 27 39 54 71 90 113 138 166
0 7 16 27 39 54 71 90 113 138 166
0 7 16 27 39 54 71 90 113 139 166
0 7 16 27 39 54 71 91 113 139 167
0 7 16 27 39 54 71 91 114 139 167
0 7 16 27 39 54 71 91 114 139 168
0 7 16 27 39 54 71 91 114 140 168
0 7 16 27 39 54 71 91 114 140 168
0 7 16 27 39 54 71 91 114 140 169
0 7 16 27 39 54 71 91 114 140 169
0 7 16 27 39 54 71 91 114 141 170
0 7 16 27 39 54 71 91 114 141 170
0 7 16 27 39 54 71 91 114 141 170
0 7 16 27 39 54 71 91 115 141 171
0 7 16 27 39 54 71 91 115 141 171
0 7 16 27 39 54 71 91 115 142 171
0 7 16 27 39 54 71 91 115 142 172
0 7 16 27 39 54 71 91 115 142 172
0 7 16 27 39 54 71 91 115 142 172
0 7 16 27 40 54 71 91 115 142 173
0 7 16 27 40 54 71 91 115 142 173
0 7 16 27 40 54 71 92 115 143 173
0 7 16 27 40 54 71 92 115 143 174
0 7 16 27 40 54 71 92 115 143 174
0 7 16 27 40 54 71 92 115 143 174
0 7 16 27 40 54 71 92 116 143 175
0 7 16 27 40 54 72 92 116 143 175
0 7 16 27 40 54 72 92 116 144 175
0 7 16 27 40 54 72 92 116 144 175
0 7 16 27 40 54 72 92 116 144 176
0 7 16 27 40 54 72 92 116 144 176
0 7 16 27 40 54 72 92 116 144 176
0 7 16 27 40 54 72 92 116 144 176
0 7 16 27 40 54 72 92 116 144 177
0 7 16 27 40 54 72 92 116 144 177
0 7 16 27 40 54 72 92 116 145 177
0 7 16 27 40 54 72 92 116 145 177
0 7 16 27 40 54 72 92 116 145 178
0 7 16 27 40 54 72 92 116 145 178
0 7 16 27 40 54 72 92 116 145 178
0 7 16 27 40 55 72 92 117 145 178
0 7 16 27 40 55 72 92 117 145 179
0 7 16 27 40 55 72 92 117 145 179
0 7 16 27 40 55 72 92 117 145 179
0 7 16 27 40 55 72 92 117 146 179
0 7 16 27 40 55 72 92 117 146 179
0 7 16 27 40 55 72 92 117 146 179
0 7 16 27 40 55 72 92 117 146 180
0 7 16 27 40 55 72 93 117 146 180
0 7 16 27 40 55 72 93 117 146 180
0 7 16 27 40 55 72 93 117 146 180
0 7 16 27 40 55 72 93 117 146 180
0 7 16 27 40 55 72 93 117 146 181
0 7 16 27 40 55 72 93 117 146 181
0 7 16 27 40 55 72 93 117 146 181
0 7 16 27 40 55 72 93 117 146 181
0 7 16 27 40 55 72 93 117 147 181
0 7 16 27 40 55 72 93 117 147 181
0 7 16 27 40 55 72 93 117 147 181
0 7 16 27 40 55 72 93 117 147 182
0 7 16 27 40 55 72 93 117 147 182
0 7 16 27 40 55 72 93 117 147 182
0 7 16 27 40 55 72 93 117 147 182
0 7 16 27 40 55 72 93 118 147 182
0 7 16 27 40 55 72 93 118 147 182
0 7 16 27 40 55 72 93 118 147 182
0 7 16 27 40 55 72 93 118 147 183
0 7 16 27 40 55 72 93 118 147 183
0 7 16 27 40 55 72 93 118 147 183
0 7 16 27 40 55 72 93 118 147 183
0 7 16 27 40 55 72 93 118 147 183
0 7 16 27 40 55 72 93 118 148 183
0 7 16 27 40 55 72 93 118 148 183
0 7 16 27 40 55 72 93 118 148 183
0 7 16 27 40 55 72 93 118 148 183
0 7 16 27 40 55 72 93 118 148 184
0 7 16 27 40 55 72 93 118 148 184
0 7 16 27 40 55 72 93 118 148 184
0 7 16 27 40 55 72 93 118 148 184
0 7 16 27 40 55 73 93 118 148 184
0 7 16 27 40 55 73 93 118 148 184
0 7 16 27 40 55 73 93 118 148 184
0 7 16 27 40 55 73 93 118 148 184
0 7 16 27 40 55 73 93 118 148 184
0 7 16 27 40 55 73 93 118 148 184
0 7 16 27 40 55 73 93 118 148 185
0 7 16 27 40 55 73 93 118 148 185
0 7 16 27 40 55 73 94 118 148 185
0 7 16 27 40 55 73 94 118 148 185
0 7 16 27 40 55 73 94 118 148 185
0 7 16 27 40 55 73 94 118 148 185
0 7 16 27 40 55 73 94 118 148 185
0 7 16 27 40 55 73 94 118 148 185
0 7 16 27 40 55 73 94 119 149 185
0 7 16 27 40 55 73 94 119 149 185
0 7 16 27 40 55 73 94 119 149 185
0 7 16 27 40 55 73 94 119 149 185
0 7 16 27 40 55 73 94 119 149 185
0 7 16 27 40 55 73 94 119 149 185
0 7 16 27 40 55 73 94 119 149 186
0 7 16 27 40 55 73 94 119 149 186
0 7 16 27 40 55 73 94 119 149 186
0 7 16 27 40 55 73 94 119 149 186
0 7 16 27 40 55 73 94 119 149 186
0 7 16 27 40 55 73 94 119 149 186
0 7 16 27 40 55 73 94 119 149 186
0 7 16 27 40 55 73 94 119 149 186
0 7 16 27 40 55 73 94 119 149 186
0 7 16 27 40 55 73 94 119 149 186
0 7 16 27 40 55 73 94 119 149 186
0 7 16 27 40 55 73 94 119 149 186
0 7 16 27 40 55 73 94 119 149 186
0 7 16 27 40 55 73 94 119 149 186
0 7 16 27 40 55 73 94 119 149 186
0 7 16 27 40 55 73 94 119 149 186
0 7 16 27 40 55 73 94 119 149 186
0 7 16 27 40 55 73 94 119 149 187
0 7 16 27 40 55 73 94 119 149 187
0 7 16 27 40 55 73 94 119 149 187
0 7 16 27 40 55 73 94 119 149 187
0 7 16 27 40 55 73 94 119 149 187
0 7 16 27 40 55 73 94 119 150 187
0 7 16 27 40 55 73 94 119 150 187
0 7 16 27 40 55 73 94 119 150 187
0 7 16 27 40 55 73 94 119 150 187
0 7 16 27 40 55 73 94 119 150 187
0 7 16 27 40 55 73 94 119 150 187
0 7 16 27 40 55 73 94 119 150 187
0 7 16 27 40 55 73 94 119 150 187
0 7 16 27 40 55 73 94 119 150 187
0 7 16 27 40 55 73 94 119 150 187
0 7 16 27 40 55 73 94 119 150 187
0 7 16 27 40 55 73 94 119 150 187
0 7 16 27 40 55 73 94 119 150 187
0 7 16 27 40 55 73 94 119 150 187
0 7 16 27 40 55 73 94 119 150 187
0 7 16 27 40 55 73 94 119 150 187
0 7 16 27 40 55 73 94 119 150 187
0 7 16 27 40 55 73 94 120 150 187
0 7 16 27 40 55 73 94 120 150 188
0 7 16 27 40 55 73 94 120 150 188
0 7 16 27 40 55 73 94 120 150 188
0 7 16 27 40 55 73 94 120 150 188
0 7 16 27 40 55 73 94 120 150 188
0 7 16 27 40 55 73 94 120 150 188
0 7 16 27 40 55 73 94 120 150 188
0 7 16 27 40 55 73 94 120 150 188
0 7 16 27 40 55 73 94 120 150 188
0 7 16 27 40 55 73 94 120 150 188
0 7 16 27 40 55 73 94 120 150 188
0 7 16 27 40 55 73 94 120 150 188
0 7 16 27 40 55 73 94 120 150 188
0 7 16 27 40 55 73 94 120 150 188
0 7 16 27 40 55 73 94 120 150 188
0 7 16 27 40 55 73 94 120 150 188
0 7 16 27 40 55 73 94 120 150 188
0 7 16 27 40 55 73 94 120 150 188
0 7 16 27 40 55 73 94 120 150 188
0 7 16 27 40 55 73 94 120 150 188
